+------------------------------------------------------------------------------+
|                        Heuristic 1: Misplaced Numbers                        |
+------------------------------------------------------------------------------+

Solution for 420785613
  Nodes Generated: 9206
  Solution Length (Depth): 20
STATE: 420785613
4 2 0 
7 8 5 
6 1 3 

STATE: 425780613
4 2 5 
7 8 0 
6 1 3 

STATE: 425708613
4 2 5 
7 0 8 
6 1 3 

STATE: 425718603
4 2 5 
7 1 8 
6 0 3 

STATE: 425718063
4 2 5 
7 1 8 
0 6 3 

STATE: 425018763
4 2 5 
0 1 8 
7 6 3 

STATE: 425108763
4 2 5 
1 0 8 
7 6 3 

STATE: 425168703
4 2 5 
1 6 8 
7 0 3 

STATE: 425168730
4 2 5 
1 6 8 
7 3 0 

STATE: 425160738
4 2 5 
1 6 0 
7 3 8 

STATE: 420165738
4 2 0 
1 6 5 
7 3 8 

STATE: 402165738
4 0 2 
1 6 5 
7 3 8 

STATE: 42165738
0 4 2 
1 6 5 
7 3 8 

STATE: 142065738
1 4 2 
0 6 5 
7 3 8 

STATE: 142605738
1 4 2 
6 0 5 
7 3 8 

STATE: 142635708
1 4 2 
6 3 5 
7 0 8 

STATE: 142635078
1 4 2 
6 3 5 
0 7 8 

STATE: 142035678
1 4 2 
0 3 5 
6 7 8 

STATE: 142305678
1 4 2 
3 0 5 
6 7 8 

STATE: 102345678
1 0 2 
3 4 5 
6 7 8 

STATE: 12345678
0 1 2 
3 4 5 
6 7 8 

+------------------------------------------------------------------------------+
|                        Heuristic 2: Manhattan Distance                       |
+------------------------------------------------------------------------------+

Solution for 420785613
  Nodes Generated: 1750
  Solution Length (Depth): 20
STATE: 420785613
4 2 0 
7 8 5 
6 1 3 

STATE: 425780613
4 2 5 
7 8 0 
6 1 3 

STATE: 425708613
4 2 5 
7 0 8 
6 1 3 

STATE: 425718603
4 2 5 
7 1 8 
6 0 3 

STATE: 425718063
4 2 5 
7 1 8 
0 6 3 

STATE: 425018763
4 2 5 
0 1 8 
7 6 3 

STATE: 425108763
4 2 5 
1 0 8 
7 6 3 

STATE: 425168703
4 2 5 
1 6 8 
7 0 3 

STATE: 425168730
4 2 5 
1 6 8 
7 3 0 

STATE: 425160738
4 2 5 
1 6 0 
7 3 8 

STATE: 420165738
4 2 0 
1 6 5 
7 3 8 

STATE: 402165738
4 0 2 
1 6 5 
7 3 8 

STATE: 42165738
0 4 2 
1 6 5 
7 3 8 

STATE: 142065738
1 4 2 
0 6 5 
7 3 8 

STATE: 142605738
1 4 2 
6 0 5 
7 3 8 

STATE: 142635708
1 4 2 
6 3 5 
7 0 8 

STATE: 142635078
1 4 2 
6 3 5 
0 7 8 

STATE: 142035678
1 4 2 
0 3 5 
6 7 8 

STATE: 142305678
1 4 2 
3 0 5 
6 7 8 

STATE: 102345678
1 0 2 
3 4 5 
6 7 8 

STATE: 12345678
0 1 2 
3 4 5 
6 7 8 

+------------------------------------------------------------------------------+
|                        Heuristic 1: Misplaced Numbers                        |
+------------------------------------------------------------------------------+

Solution for 325087461
  Nodes Generated: 371
  Solution Length (Depth): 13
STATE: 325087461
3 2 5 
0 8 7 
4 6 1 

STATE: 325487061
3 2 5 
4 8 7 
0 6 1 

STATE: 325487601
3 2 5 
4 8 7 
6 0 1 

STATE: 325407681
3 2 5 
4 0 7 
6 8 1 

STATE: 325470681
3 2 5 
4 7 0 
6 8 1 

STATE: 325471680
3 2 5 
4 7 1 
6 8 0 

STATE: 325471608
3 2 5 
4 7 1 
6 0 8 

STATE: 325401678
3 2 5 
4 0 1 
6 7 8 

STATE: 325410678
3 2 5 
4 1 0 
6 7 8 

STATE: 320415678
3 2 0 
4 1 5 
6 7 8 

STATE: 302415678
3 0 2 
4 1 5 
6 7 8 

STATE: 312405678
3 1 2 
4 0 5 
6 7 8 

STATE: 312045678
3 1 2 
0 4 5 
6 7 8 

STATE: 12345678
0 1 2 
3 4 5 
6 7 8 

+------------------------------------------------------------------------------+
|                        Heuristic 2: Manhattan Distance                       |
+------------------------------------------------------------------------------+

Solution for 325087461
  Nodes Generated: 102
  Solution Length (Depth): 13
STATE: 325087461
3 2 5 
0 8 7 
4 6 1 

STATE: 325487061
3 2 5 
4 8 7 
0 6 1 

STATE: 325487601
3 2 5 
4 8 7 
6 0 1 

STATE: 325407681
3 2 5 
4 0 7 
6 8 1 

STATE: 325470681
3 2 5 
4 7 0 
6 8 1 

STATE: 325471680
3 2 5 
4 7 1 
6 8 0 

STATE: 325471608
3 2 5 
4 7 1 
6 0 8 

STATE: 325401678
3 2 5 
4 0 1 
6 7 8 

STATE: 325410678
3 2 5 
4 1 0 
6 7 8 

STATE: 320415678
3 2 0 
4 1 5 
6 7 8 

STATE: 302415678
3 0 2 
4 1 5 
6 7 8 

STATE: 312405678
3 1 2 
4 0 5 
6 7 8 

STATE: 312045678
3 1 2 
0 4 5 
6 7 8 

STATE: 12345678
0 1 2 
3 4 5 
6 7 8 

+------------------------------------------------------------------------------+
|                        Heuristic 1: Misplaced Numbers                        |
+------------------------------------------------------------------------------+

Solution for 732158460
  Nodes Generated: 197
  Solution Length (Depth): 12
STATE: 732158460
7 3 2 
1 5 8 
4 6 0 

STATE: 732150468
7 3 2 
1 5 0 
4 6 8 

STATE: 732105468
7 3 2 
1 0 5 
4 6 8 

STATE: 732015468
7 3 2 
0 1 5 
4 6 8 

STATE: 32715468
0 3 2 
7 1 5 
4 6 8 

STATE: 302715468
3 0 2 
7 1 5 
4 6 8 

STATE: 312705468
3 1 2 
7 0 5 
4 6 8 

STATE: 312075468
3 1 2 
0 7 5 
4 6 8 

STATE: 312475068
3 1 2 
4 7 5 
0 6 8 

STATE: 312475608
3 1 2 
4 7 5 
6 0 8 

STATE: 312405678
3 1 2 
4 0 5 
6 7 8 

STATE: 312045678
3 1 2 
0 4 5 
6 7 8 

STATE: 12345678
0 1 2 
3 4 5 
6 7 8 

+------------------------------------------------------------------------------+
|                        Heuristic 2: Manhattan Distance                       |
+------------------------------------------------------------------------------+

Solution for 732158460
  Nodes Generated: 114
  Solution Length (Depth): 12
STATE: 732158460
7 3 2 
1 5 8 
4 6 0 

STATE: 732150468
7 3 2 
1 5 0 
4 6 8 

STATE: 732105468
7 3 2 
1 0 5 
4 6 8 

STATE: 732015468
7 3 2 
0 1 5 
4 6 8 

STATE: 32715468
0 3 2 
7 1 5 
4 6 8 

STATE: 302715468
3 0 2 
7 1 5 
4 6 8 

STATE: 312705468
3 1 2 
7 0 5 
4 6 8 

STATE: 312075468
3 1 2 
0 7 5 
4 6 8 

STATE: 312475068
3 1 2 
4 7 5 
0 6 8 

STATE: 312475608
3 1 2 
4 7 5 
6 0 8 

STATE: 312405678
3 1 2 
4 0 5 
6 7 8 

STATE: 312045678
3 1 2 
0 4 5 
6 7 8 

STATE: 12345678
0 1 2 
3 4 5 
6 7 8 

